a <- 123
b <- 456
c <- 789
a + b
c - b
a + b ^ 2 - (c +b) / 2